#          omega_b,        omega_cdm,      100*theta_s,     ln10^{10}A_s,              n_s,         tau_reio,         A_planck,           z_reio,               H0,              A_s
 1.977461e-09	-3.681278e-08	 4.750258e-09	 2.838460e-08	 3.482798e-08	 6.300483e-08	-2.616422e-10	 5.932964e-06	 1.652231e-05	 5.760686e-17	
-3.681278e-08	 2.434927e-06	 3.743771e-08	-6.054594e-06	-3.527684e-06	-6.117160e-06	-3.538667e-07	-6.267945e-04	-8.866084e-04	-1.238697e-14	
 4.750258e-09	 3.743771e-08	 2.414883e-08	-1.974317e-07	-1.043578e-07	-1.555945e-07	-2.412043e-08	-1.763059e-05	-7.155883e-07	-4.039991e-16	
 2.838460e-08	-6.054594e-06	-1.974317e-07	 2.268612e-05	 1.010879e-05	 1.835212e-05	 1.202347e-06	 1.913291e-03	 2.110696e-03	 4.649943e-14	
 3.482798e-08	-3.527684e-06	-1.043578e-07	 1.010879e-05	 5.751991e-06	 9.350389e-06	 6.153556e-07	 9.663193e-04	 1.250616e-03	 2.068509e-14	
 6.300483e-08	-6.117160e-06	-1.555945e-07	 1.835212e-05	 9.350389e-06	 1.669871e-05	 1.027378e-06	 1.725420e-03	 2.179141e-03	 3.758328e-14	
-2.616422e-10	-3.538667e-07	-2.412043e-08	 1.202347e-06	 6.153556e-07	 1.027378e-06	 5.152225e-07	 1.075056e-04	 1.173360e-04	 2.462096e-15	
 5.932964e-06	-6.267945e-04	-1.763059e-05	 1.913291e-03	 9.663193e-04	 1.725420e-03	 1.075056e-04	 1.784812e-01	 2.222295e-01	 3.918450e-12	
 1.652231e-05	-8.866084e-04	-7.155883e-07	 2.110696e-03	 1.250616e-03	 2.179141e-03	 1.173360e-04	 2.222295e-01	 3.300997e-01	 4.317765e-12	
 5.760686e-17	-1.238697e-14	-4.039991e-16	 4.649943e-14	 2.068509e-14	 3.758328e-14	 2.462096e-15	 3.918450e-12	 4.317765e-12	 9.531021e-23	
